<?xml version="1.0" encoding="UTF-8" standalone="no"?>
<data>
	<model>
		<title>Arch Of Septimis</title>
		<radius>18.8141</radius>
		<view>1.0, 0.0, 0.0, 270.0</view>
		<center>-26.7806, 76.3774, 0.144029</center>
		<packagepath>archofseptimis</packagepath>
		<container>
			<pointscale>1.0f</pointscale>
			<transformmatrix>-0.912982, 0.407996, 0.001916, 0, -0.40799, -0.912982, 0.002661, 0, 0.002835, 0.001647, 0.999995, 0, -22.21, 8.64972, -0.46252, 1</transformmatrix>
			<mesh>
				<numberpoints>257</numberpoints>
				<numberindexes>1209</numberindexes>
				<texture>ArchOfSeptimis-0-0.jpg</texture>
				<points>ArchOfSeptimis-0-0.dat</points>
				<indexes>ArchOfSeptimis-0-0-index.dat</indexes>
			</mesh>
			<mesh>
				<numberpoints>321</numberpoints>
				<numberindexes>1452</numberindexes>
				<texture>ArchOfSeptimis-0-1.jpg</texture>
				<points>ArchOfSeptimis-0-1.dat</points>
				<indexes>ArchOfSeptimis-0-1-index.dat</indexes>
			</mesh>
			<mesh>
				<numberpoints>1108</numberpoints>
				<numberindexes>5565</numberindexes>
				<texture>ArchOfSeptimis-0-2.jpg</texture>
				<points>ArchOfSeptimis-0-2.dat</points>
				<indexes>ArchOfSeptimis-0-2-index.dat</indexes>
			</mesh>
		</container>
		<container>
			<pointscale>1.0f</pointscale>
			<transformmatrix>-0.89424, 0.447582, 0.002304, 0, -0.447579, -0.894243, 0.001717, 0, 0.002829, 0.000505, 0.999996, 0, 5.92864, 108.805, -11.1841, 1</transformmatrix>
			<mesh>
				<numberpoints>12556</numberpoints>
				<numberindexes>69924</numberindexes>
				<texture>ArchOfSeptimis-10-0.jpg</texture>
				<points>ArchOfSeptimis-10-0.dat</points>
				<indexes>ArchOfSeptimis-10-0-index.dat</indexes>
			</mesh>
			<mesh>
				<numberpoints>10772</numberpoints>
				<numberindexes>56829</numberindexes>
				<texture>ArchOfSeptimis-10-1.jpg</texture>
				<points>ArchOfSeptimis-10-1.dat</points>
				<indexes>ArchOfSeptimis-10-1-index.dat</indexes>
			</mesh>
			<mesh>
				<numberpoints>33467</numberpoints>
				<numberindexes>187755</numberindexes>
				<texture>ArchOfSeptimis-10-2.jpg</texture>
				<points>ArchOfSeptimis-10-2.dat</points>
				<indexes>ArchOfSeptimis-10-2-index.dat</indexes>
			</mesh>
			<mesh>
				<numberpoints>11177</numberpoints>
				<numberindexes>60177</numberindexes>
				<texture>ArchOfSeptimis-10-3.jpg</texture>
				<points>ArchOfSeptimis-10-3.dat</points>
				<indexes>ArchOfSeptimis-10-3-index.dat</indexes>
			</mesh>
			<mesh>
				<numberpoints>14727</numberpoints>
				<numberindexes>82749</numberindexes>
				<texture>ArchOfSeptimis-10-4.jpg</texture>
				<points>ArchOfSeptimis-10-4.dat</points>
				<indexes>ArchOfSeptimis-10-4-index.dat</indexes>
			</mesh>
			<mesh>
				<numberpoints>27</numberpoints>
				<numberindexes>108</numberindexes>
				<texture>ArchOfSeptimis-10-5.jpg</texture>
				<points>ArchOfSeptimis-10-5.dat</points>
				<indexes>ArchOfSeptimis-10-5-index.dat</indexes>
			</mesh>
			<mesh>
				<numberpoints>659</numberpoints>
				<numberindexes>3243</numberindexes>
				<texture>ArchOfSeptimis-10-6.jpg</texture>
				<points>ArchOfSeptimis-10-6.dat</points>
				<indexes>ArchOfSeptimis-10-6-index.dat</indexes>
			</mesh>
		</container>
		<container>
			<pointscale>1.0f</pointscale>
			<transformmatrix>0.137677, -0.990469, 0.004099, 0, 0.990453, 0.137701, 0.006485, 0, -0.006987, 0.003167, 0.999971, 0, -43.3298, 73.5026, -3.70895, 1</transformmatrix>
			<mesh>
				<numberpoints>1505</numberpoints>
				<numberindexes>7704</numberindexes>
				<texture>ArchOfSeptimis-18-0.jpg</texture>
				<points>ArchOfSeptimis-18-0.dat</points>
				<indexes>ArchOfSeptimis-18-0-index.dat</indexes>
			</mesh>
			<mesh>
				<numberpoints>1608</numberpoints>
				<numberindexes>8328</numberindexes>
				<texture>ArchOfSeptimis-18-1.jpg</texture>
				<points>ArchOfSeptimis-18-1.dat</points>
				<indexes>ArchOfSeptimis-18-1-index.dat</indexes>
			</mesh>
			<mesh>
				<numberpoints>1475</numberpoints>
				<numberindexes>7587</numberindexes>
				<texture>ArchOfSeptimis-18-2.jpg</texture>
				<points>ArchOfSeptimis-18-2.dat</points>
				<indexes>ArchOfSeptimis-18-2-index.dat</indexes>
			</mesh>
			<mesh>
				<numberpoints>611</numberpoints>
				<numberindexes>3087</numberindexes>
				<texture>ArchOfSeptimis-18-3.jpg</texture>
				<points>ArchOfSeptimis-18-3.dat</points>
				<indexes>ArchOfSeptimis-18-3-index.dat</indexes>
			</mesh>
			<mesh>
				<numberpoints>1114</numberpoints>
				<numberindexes>5688</numberindexes>
				<texture>ArchOfSeptimis-18-4.jpg</texture>
				<points>ArchOfSeptimis-18-4.dat</points>
				<indexes>ArchOfSeptimis-18-4-index.dat</indexes>
			</mesh>
			<mesh>
				<numberpoints>1245</numberpoints>
				<numberindexes>6318</numberindexes>
				<texture>ArchOfSeptimis-18-5.jpg</texture>
				<points>ArchOfSeptimis-18-5.dat</points>
				<indexes>ArchOfSeptimis-18-5-index.dat</indexes>
			</mesh>
			<mesh>
				<numberpoints>9</numberpoints>
				<numberindexes>21</numberindexes>
				<texture>ArchOfSeptimis-18-6.jpg</texture>
				<points>ArchOfSeptimis-18-6.dat</points>
				<indexes>ArchOfSeptimis-18-6-index.dat</indexes>
			</mesh>
			<mesh>
				<numberpoints>159</numberpoints>
				<numberindexes>648</numberindexes>
				<texture>ArchOfSeptimis-18-7.jpg</texture>
				<points>ArchOfSeptimis-18-7.dat</points>
				<indexes>ArchOfSeptimis-18-7-index.dat</indexes>
			</mesh>
			<mesh>
				<numberpoints>96</numberpoints>
				<numberindexes>372</numberindexes>
				<texture>ArchOfSeptimis-18-8.jpg</texture>
				<points>ArchOfSeptimis-18-8.dat</points>
				<indexes>ArchOfSeptimis-18-8-index.dat</indexes>
			</mesh>
			<mesh>
				<numberpoints>252</numberpoints>
				<numberindexes>1170</numberindexes>
				<texture>ArchOfSeptimis-18-9.jpg</texture>
				<points>ArchOfSeptimis-18-9.dat</points>
				<indexes>ArchOfSeptimis-18-9-index.dat</indexes>
			</mesh>
			<mesh>
				<numberpoints>1512</numberpoints>
				<numberindexes>7992</numberindexes>
				<texture>ArchOfSeptimis-18-10.jpg</texture>
				<points>ArchOfSeptimis-18-10.dat</points>
				<indexes>ArchOfSeptimis-18-10-index.dat</indexes>
			</mesh>
			<mesh>
				<numberpoints>1440</numberpoints>
				<numberindexes>7578</numberindexes>
				<texture>ArchOfSeptimis-18-11.jpg</texture>
				<points>ArchOfSeptimis-18-11.dat</points>
				<indexes>ArchOfSeptimis-18-11-index.dat</indexes>
			</mesh>
			<mesh>
				<numberpoints>1924</numberpoints>
				<numberindexes>10671</numberindexes>
				<texture>ArchOfSeptimis-18-12.jpg</texture>
				<points>ArchOfSeptimis-18-12.dat</points>
				<indexes>ArchOfSeptimis-18-12-index.dat</indexes>
			</mesh>
			<mesh>
				<numberpoints>1736</numberpoints>
				<numberindexes>8895</numberindexes>
				<texture>ArchOfSeptimis-18-13.jpg</texture>
				<points>ArchOfSeptimis-18-13.dat</points>
				<indexes>ArchOfSeptimis-18-13-index.dat</indexes>
			</mesh>
			<mesh>
				<numberpoints>747</numberpoints>
				<numberindexes>3903</numberindexes>
				<texture>ArchOfSeptimis-18-14.jpg</texture>
				<points>ArchOfSeptimis-18-14.dat</points>
				<indexes>ArchOfSeptimis-18-14-index.dat</indexes>
			</mesh>
			<mesh>
				<numberpoints>580</numberpoints>
				<numberindexes>2880</numberindexes>
				<texture>ArchOfSeptimis-18-15.jpg</texture>
				<points>ArchOfSeptimis-18-15.dat</points>
				<indexes>ArchOfSeptimis-18-15-index.dat</indexes>
			</mesh>
			<mesh>
				<numberpoints>165</numberpoints>
				<numberindexes>807</numberindexes>
				<texture>ArchOfSeptimis-18-16.jpg</texture>
				<points>ArchOfSeptimis-18-16.dat</points>
				<indexes>ArchOfSeptimis-18-16-index.dat</indexes>
			</mesh>
			<mesh>
				<numberpoints>709</numberpoints>
				<numberindexes>3663</numberindexes>
				<texture>ArchOfSeptimis-18-17.jpg</texture>
				<points>ArchOfSeptimis-18-17.dat</points>
				<indexes>ArchOfSeptimis-18-17-index.dat</indexes>
			</mesh>
			<mesh>
				<numberpoints>786</numberpoints>
				<numberindexes>4080</numberindexes>
				<texture>ArchOfSeptimis-18-18.jpg</texture>
				<points>ArchOfSeptimis-18-18.dat</points>
				<indexes>ArchOfSeptimis-18-18-index.dat</indexes>
			</mesh>
			<mesh>
				<numberpoints>1255</numberpoints>
				<numberindexes>6522</numberindexes>
				<texture>ArchOfSeptimis-18-19.jpg</texture>
				<points>ArchOfSeptimis-18-19.dat</points>
				<indexes>ArchOfSeptimis-18-19-index.dat</indexes>
			</mesh>
			<mesh>
				<numberpoints>680</numberpoints>
				<numberindexes>3420</numberindexes>
				<texture>ArchOfSeptimis-18-20.jpg</texture>
				<points>ArchOfSeptimis-18-20.dat</points>
				<indexes>ArchOfSeptimis-18-20-index.dat</indexes>
			</mesh>
			<mesh>
				<numberpoints>1320</numberpoints>
				<numberindexes>6645</numberindexes>
				<texture>ArchOfSeptimis-18-21.jpg</texture>
				<points>ArchOfSeptimis-18-21.dat</points>
				<indexes>ArchOfSeptimis-18-21-index.dat</indexes>
			</mesh>
			<mesh>
				<numberpoints>1570</numberpoints>
				<numberindexes>8484</numberindexes>
				<texture>ArchOfSeptimis-18-22.jpg</texture>
				<points>ArchOfSeptimis-18-22.dat</points>
				<indexes>ArchOfSeptimis-18-22-index.dat</indexes>
			</mesh>
			<mesh>
				<numberpoints>1302</numberpoints>
				<numberindexes>6897</numberindexes>
				<texture>ArchOfSeptimis-18-23.jpg</texture>
				<points>ArchOfSeptimis-18-23.dat</points>
				<indexes>ArchOfSeptimis-18-23-index.dat</indexes>
			</mesh>
			<mesh>
				<numberpoints>1361</numberpoints>
				<numberindexes>7323</numberindexes>
				<texture>ArchOfSeptimis-18-24.jpg</texture>
				<points>ArchOfSeptimis-18-24.dat</points>
				<indexes>ArchOfSeptimis-18-24-index.dat</indexes>
			</mesh>
			<mesh>
				<numberpoints>1465</numberpoints>
				<numberindexes>7923</numberindexes>
				<texture>ArchOfSeptimis-18-25.jpg</texture>
				<points>ArchOfSeptimis-18-25.dat</points>
				<indexes>ArchOfSeptimis-18-25-index.dat</indexes>
			</mesh>
			<mesh>
				<numberpoints>1568</numberpoints>
				<numberindexes>8718</numberindexes>
				<texture>ArchOfSeptimis-18-26.jpg</texture>
				<points>ArchOfSeptimis-18-26.dat</points>
				<indexes>ArchOfSeptimis-18-26-index.dat</indexes>
			</mesh>
			<mesh>
				<numberpoints>1465</numberpoints>
				<numberindexes>7752</numberindexes>
				<texture>ArchOfSeptimis-18-27.jpg</texture>
				<points>ArchOfSeptimis-18-27.dat</points>
				<indexes>ArchOfSeptimis-18-27-index.dat</indexes>
			</mesh>
			<mesh>
				<numberpoints>1469</numberpoints>
				<numberindexes>8166</numberindexes>
				<texture>ArchOfSeptimis-18-28.jpg</texture>
				<points>ArchOfSeptimis-18-28.dat</points>
				<indexes>ArchOfSeptimis-18-28-index.dat</indexes>
			</mesh>
			<mesh>
				<numberpoints>665</numberpoints>
				<numberindexes>3009</numberindexes>
				<texture>ArchOfSeptimis-18-29.jpg</texture>
				<points>ArchOfSeptimis-18-29.dat</points>
				<indexes>ArchOfSeptimis-18-29-index.dat</indexes>
			</mesh>
			<mesh>
				<numberpoints>227</numberpoints>
				<numberindexes>1053</numberindexes>
				<texture>ArchOfSeptimis-18-30.jpg</texture>
				<points>ArchOfSeptimis-18-30.dat</points>
				<indexes>ArchOfSeptimis-18-30-index.dat</indexes>
			</mesh>
		</container>
		<cloud>
			<transformmatrix>-0.912982, 0.407996, 0.001916, 0, -0.40799, -0.912982, 0.002661, 0, 0.002835, 0.001647, 0.999995, 0, -22.21, 8.64972, -0.46252, 1</transformmatrix>
			<pointscale>1.0f</pointscale>
			<numbercolorpoints>23</numbercolorpoints>
			<colorpoints>ArchOfSeptimisPoints-0.dat</colorpoints>
		</cloud>
		<cloud>
			<transformmatrix>0.102713, 0.994711, -0.000445, 0, -0.99471, 0.102714, 0.001398, 0, 0.001436, 0.000299, 0.999999, 0, -12.2563, 67.8502, -7.37225, 1</transformmatrix>
			<pointscale>1.0f</pointscale>
			<numbercolorpoints>3010</numbercolorpoints>
			<colorpoints>ArchOfSeptimisPoints-1.dat</colorpoints>
		</cloud>
		<cloud>
			<transformmatrix>-0.841229, 0.540674, 0.002404, 0, -0.540665, -0.841231, 0.00334, 0, 0.003828, 0.00151, 0.999992, 0, 44.2911, 83.4819, -10.1109, 1</transformmatrix>
			<pointscale>1.0f</pointscale>
			<numbercolorpoints>225</numbercolorpoints>
			<colorpoints>ArchOfSeptimisPoints-2.dat</colorpoints>
		</cloud>
		<cloud>
			<transformmatrix>0.41815, -0.908372, 0.003396, 0, 0.908378, 0.418149, -0.000812, 0, -0.000683, 0.003425, 0.999994, 0, -27.53, 170.295, -10.2745, 1</transformmatrix>
			<pointscale>1.0f</pointscale>
			<numbercolorpoints>524</numbercolorpoints>
			<colorpoints>ArchOfSeptimisPoints-3.dat</colorpoints>
		</cloud>
		<cloud>
			<transformmatrix>-0.969724, -0.244168, 0.004119, 0, 0.244178, -0.969728, 0.002242, 0, 0.003447, 0.00318, 0.999989, 0, 47.2128, 224.806, -10.6079, 1</transformmatrix>
			<pointscale>1.0f</pointscale>
			<numbercolorpoints>200</numbercolorpoints>
			<colorpoints>ArchOfSeptimisPoints-4.dat</colorpoints>
		</cloud>
		<cloud>
			<transformmatrix>-0.983338, 0.181757, 0.003213, 0, -0.181746, -0.983339, 0.003604, 0, 0.003814, 0.00296, 0.999988, 0, 77.7465, 222.35, -9.53437, 1</transformmatrix>
			<pointscale>1.0f</pointscale>
			<numbercolorpoints>185</numbercolorpoints>
			<colorpoints>ArchOfSeptimisPoints-5.dat</colorpoints>
		</cloud>
		<cloud>
			<transformmatrix>0.929518, -0.368778, 0.000175, 0, 0.368778, 0.929517, -0.001218, 0, 0.000287, 0.001197, 0.999999, 0, -34.5581, 97.7355, -3.03567, 1</transformmatrix>
			<pointscale>1.0f</pointscale>
			<numbercolorpoints>24755</numbercolorpoints>
			<colorpoints>ArchOfSeptimisPoints-6.dat</colorpoints>
		</cloud>
		<cloud>
			<transformmatrix>-0.294834, -0.955542, 0.003453, 0, 0.955546, -0.294839, -0.00119, 0, 0.002155, 0.002948, 0.999993, 0, -53.9704, 41.5623, 3.41839, 1</transformmatrix>
			<pointscale>1.0f</pointscale>
			<numbercolorpoints>642</numbercolorpoints>
			<colorpoints>ArchOfSeptimisPoints-7.dat</colorpoints>
		</cloud>
		<cloud>
			<transformmatrix>0.994096, -0.108508, 0.000255, 0, 0.108508, 0.994095, 0.001347, 0, -0.000399, -0.001312, 0.999999, 0, 58.9773, 37.0096, -9.52672, 1</transformmatrix>
			<pointscale>1.0f</pointscale>
			<numbercolorpoints>323</numbercolorpoints>
			<colorpoints>ArchOfSeptimisPoints-8.dat</colorpoints>
		</cloud>
		<cloud>
			<transformmatrix>-0.91692, -0.399038, 0.005235, 0, 0.399058, -0.916918, 0.003808, 0, 0.003281, 0.00558, 0.999979, 0, 61.708, 96.2506, -9.85727, 1</transformmatrix>
			<pointscale>1.0f</pointscale>
			<numbercolorpoints>2362</numbercolorpoints>
			<colorpoints>ArchOfSeptimisPoints-9.dat</colorpoints>
		</cloud>
		<cloud>
			<transformmatrix>-0.89424, 0.447582, 0.002304, 0, -0.447579, -0.894243, 0.001717, 0, 0.002829, 0.000505, 0.999996, 0, 5.92864, 108.805, -11.1841, 1</transformmatrix>
			<pointscale>1.0f</pointscale>
			<numbercolorpoints>1088</numbercolorpoints>
			<colorpoints>ArchOfSeptimisPoints-10.dat</colorpoints>
		</cloud>
		<cloud>
			<transformmatrix>0.223095, 0.974797, -0.000317, 0, -0.974793, 0.223095, 0.002749, 0, 0.002751, -0.000304, 0.999996, 0, 35.1866, 165.813, -11.9447, 1</transformmatrix>
			<pointscale>1.0f</pointscale>
			<numbercolorpoints>26</numbercolorpoints>
			<colorpoints>ArchOfSeptimisPoints-11.dat</colorpoints>
		</cloud>
		<cloud>
			<transformmatrix>0.709201, 0.705006, -0.000485, 0, -0.705006, 0.709201, 9e-06, 0, 0.00035, 0.000335, 1, 0, 81.535, 241.668, -10.7838, 1</transformmatrix>
			<pointscale>1.0f</pointscale>
			<numbercolorpoints>123</numbercolorpoints>
			<colorpoints>ArchOfSeptimisPoints-12.dat</colorpoints>
		</cloud>
		<cloud>
			<transformmatrix>-0.825344, -0.564615, 0.004131, 0, 0.564625, -0.825346, 0.001723, 0, 0.002436, 0.003755, 0.99999, 0, 82.3126, 197.734, -11.6773, 1</transformmatrix>
			<pointscale>1.0f</pointscale>
			<numbercolorpoints>33</numbercolorpoints>
			<colorpoints>ArchOfSeptimisPoints-13.dat</colorpoints>
		</cloud>
		<cloud>
			<transformmatrix>1, 0, 0, 0, 0, 1, 0, 0, 0, 0, 1, 0, 0, 0, 0, 1</transformmatrix>
			<pointscale>1.0f</pointscale>
			<numbercolorpoints>43435</numbercolorpoints>
			<colorpoints>ArchOfSeptimisPoints-14.dat</colorpoints>
		</cloud>
		<cloud>
			<transformmatrix>-0.914221, -0.4052, 0.003669, 0, 0.405207, -0.914224, 0.001363, 0, 0.002803, 0.002733, 0.999992, 0, 50.1763, 87.6589, -10.226, 1</transformmatrix>
			<pointscale>1.0f</pointscale>
			<numbercolorpoints>29</numbercolorpoints>
			<colorpoints>ArchOfSeptimisPoints-15.dat</colorpoints>
		</cloud>
		<cloud>
			<transformmatrix>-0.207533, 0.978228, 0.000267, 0, -0.978224, -0.207533, 0.002692, 0, 0.002689, 0.000297, 0.999996, 0, 119.68, 123.725, -11.2033, 1</transformmatrix>
			<pointscale>1.0f</pointscale>
			<numbercolorpoints>3</numbercolorpoints>
			<colorpoints>ArchOfSeptimisPoints-16.dat</colorpoints>
		</cloud>
		<cloud>
			<transformmatrix>-0.218932, -0.975739, 0.001548, 0, 0.97574, -0.218932, 0.000166, 0, 0.000177, 0.001547, 0.999999, 0, 37.6337, 98.3556, -12.067, 1</transformmatrix>
			<pointscale>1.0f</pointscale>
			<numbercolorpoints>592</numbercolorpoints>
			<colorpoints>ArchOfSeptimisPoints-17.dat</colorpoints>
		</cloud>
		<cloud>
			<transformmatrix>0.137677, -0.990469, 0.004099, 0, 0.990453, 0.137701, 0.006485, 0, -0.006987, 0.003167, 0.999971, 0, -43.3298, 73.5026, -3.70895, 1</transformmatrix>
			<pointscale>1.0f</pointscale>
			<numbercolorpoints>95</numbercolorpoints>
			<colorpoints>ArchOfSeptimisPoints-18.dat</colorpoints>
		</cloud>
		<cloud>
			<transformmatrix>0.4718, -0.881702, 0.002569, 0, 0.881705, 0.471799, -0.001079, 0, -0.000261, 0.002774, 0.999996, 0, -30.4528, 36.8333, -4.02533, 1</transformmatrix>
			<pointscale>1.0f</pointscale>
			<numbercolorpoints>823</numbercolorpoints>
			<colorpoints>ArchOfSeptimisPoints-19.dat</colorpoints>
		</cloud>
		<cloud>
			<transformmatrix>0.282233, 0.959346, 0.00049, 0, -0.959344, 0.282231, 0.001894, 0, 0.001679, -0.001004, 0.999998, 0, 11.1881, 62.5654, -11.0999, 1</transformmatrix>
			<pointscale>1.0f</pointscale>
			<numbercolorpoints>4875</numbercolorpoints>
			<colorpoints>ArchOfSeptimisPoints-20.dat</colorpoints>
		</cloud>
		<cloud>
			<transformmatrix>-0.874449, 0.485108, 0.002989, 0, -0.485101, -0.874453, 0.002807, 0, 0.003976, 0.001004, 0.999992, 0, -0.444936, 12.9891, -4.68722, 1</transformmatrix>
			<pointscale>1.0f</pointscale>
			<numbercolorpoints>13</numbercolorpoints>
			<colorpoints>ArchOfSeptimisPoints-21.dat</colorpoints>
		</cloud>
	</model>
</data>
